7818
20.000000
7819
20.048183
7820
20.095534
7821
20.142090
7822
20.187886
7823
20.232958
7824
20.277343
7825
20.321078
7826
20.364197
7827
20.406738
7828
20.448736
7829
20.490228
7830
20.531250
7831
20.571837
7832
20.612027
7833
20.651855
7834
20.691358
7835
20.730571
7836
20.769531
7837
20.808274
7838
20.846836
7839
20.885254
7840
20.923563
7841
20.961799
7842
21.000000
7843
21.038201
7844
21.076437
7845
21.114746
7846
21.153164
7847
21.191726
7848
21.230469
7849
21.269429
7850
21.308642
7851
21.348145
7852
21.387973
7853
21.428163
7854
21.468750
7855
21.509772
7856
21.551264
7857
21.593262
7858
21.635803
7859
21.678922
7860
21.722657
7861
21.767042
7862
21.812114
7863
21.857910
7864
21.904466
7865
21.951817
7866
22.000000
7867
22.049033
7868
22.098865
7869
22.149423
7870
22.200639
7871
22.252442
7872
22.304763
7873
22.357529
7874
22.410672
7875
22.464121
7876
22.517807
7877
22.571657
7878
22.625604
7879
22.679575
7880
22.733502
7881
22.787313
7882
22.840938
7883
22.894308
7884
22.947352
7885
23.000000
7886
23.052199
7887
23.103964
7888
23.155331
7889
23.206331
7890
23.257000
7891
23.307370
7892
23.357475
7893
23.407348
7894
23.457024
7895
23.506536
7896
23.555916
7897
23.605200
7898
23.654420
7899
23.703610
7900
23.752803
7901
23.802034
7902
23.851336
7903
23.900741
7904
23.950285
7905
24.000000
7906
24.049905
7907
24.099955
7908
24.150093
7909
24.200258
7910
24.250391
7911
24.300434
7912
24.350327
7913
24.400011
7914
24.449428
7915
24.498517
7916
24.547220
7917
24.595478
7918
24.643231
7919
24.690420
7920
24.736987
7921
24.782872
7922
24.828016
7923
24.872360
7924
24.915845
7925
24.958411
7926
25.000000
7927
25.040585
7928
25.080268
7929
25.119187
7930
25.157476
7931
25.195271
7932
25.232708
7933
25.269922
7934
25.307050
7935
25.344226
7936
25.381587
7937
25.419269
7938
25.457406
7939
25.496134
7940
25.535590
7941
25.575909
7942
25.617227
7943
25.659679
7944
25.703401
7945
25.748528
7946
25.795197
7947
25.843543
7948
25.893702
7949
25.945809
7950
26.000000
7951
26.056347
7952
26.114667
7953
26.174713
7954
26.236238
7955
26.298995
7956
26.362737
7957
26.427217
7958
26.492187
7959
26.557403
7960
26.622615
7961
26.687577
7962
26.752043
7963
26.815765
7964
26.878497
7965
26.939991
7966
27.000000
7967
27.058334
7968
27.115027
7969
27.170168
7970
27.223847
7971
27.276155
7972
27.327182
7973
27.377017
7974
27.425750
7975
27.473472
7976
27.520273
7977
27.566242
7978
27.611469
7979
27.656045
7980
27.700060
7981
27.743603
7982
27.786764
7983
27.829635
7984
27.872303
7985
27.914860
7986
27.957396
7987
28.000000
7988
28.042750
7989
28.085671
7990
28.128777
7991
28.172080
7992
28.215593
7993
28.259329
7994
28.303301
7995
28.347522
7996
28.392006
7997
28.436764
7998
28.481809
7999
28.527156
8000
28.572816
8001
28.618802
8002
28.665128
8003
28.711807
8004
28.758850
8005
28.806272
8006
28.854085
8007
28.902302
8008
28.950936
8009
29.000000
8010
29.049542
8011
29.099754
8012
29.150863
8013
29.203094
8014
29.256675
8015
29.311833
8016
29.368794
8017
29.427784
8018
29.489032
8019
29.552763
8020
29.619204
8021
29.688583
8022
29.761125
8023
29.837057
8024
29.916607
8025
30.000000
8026
30.087287
8027
30.177808
8028
30.270726
8029
30.365206
8030
30.460410
8031
30.555502
8032
30.649645
8033
30.742003
8034
30.831739
8035
30.918017
8036
31.000000
8037
31.077052
8038
31.149334
8039
31.217211
8040
31.281045
8041
31.341198
8042
31.398033
8043
31.451913
8044
31.503201
8045
31.552259
8046
31.599450
8047
31.645137
8048
31.689682
8049
31.733448
8050
31.776798
8051
31.820094
8052
31.863700
8053
31.907978
8054
31.953290
8055
32.000000
8056
32.048377
8057
32.098321
8058
32.149640
8059
32.202138
8060
32.255625
8061
32.309906
8062
32.364788
8063
32.420079
8064
32.475585
8065
32.531114
8066
32.586471
8067
32.641464
8068
32.695900
8069
32.749585
8070
32.802328
8071
32.853933
8072
32.904209
8073
32.952963
8074
33.000000
8075
33.045184
8076
33.088596
8077
33.130373
8078
33.170654
8079
33.209576
8080
33.247276
8081
33.283891
8082
33.319558
8083
33.354416
8084
33.388602
8085
33.422252
8086
33.455505
8087
33.488498
8088
33.521367
8089
33.554251
8090
33.587287
8091
33.620612
8092
33.654364
8093
33.688680
8094
33.723697
8095
33.759554
8096
33.796386
8097
33.834332
8098
33.873529
8099
33.914115
8100
33.956226
8101
34.000000
8102
34.045520
8103
34.092651
8104
34.141203
8105
34.190986
8106
34.241810
8107
34.293485
8108
34.345822
8109
34.398630
8110
34.451720
8111
34.504902
8112
34.557985
8113
34.610781
8114
34.663099
8115
34.714749
8116
34.765542
8117
34.815288
8118
34.863796
8119
34.910878
8120
34.956342
8121
35.000000
8122
35.041701
8123
35.081457
8124
35.119319
8125
35.155338
8126
35.189566
8127
35.222053
8128
35.252851
8129
35.282012
8130
35.309586
8131
35.335625
8132
35.360180
8133
35.383303
8134
35.405044
8135
35.425455
8136
35.444588
8137
35.462492
8138
35.479221
8139
35.494824
8140
35.509354
8141
35.522862
8142
35.535398
8143
35.547014
8144
35.557762
8145
35.567692
8146
35.576857
8147
35.585306
8148
35.593092
8149
35.600266
8150
35.606879
8151
35.612982
8152
35.618627
8153
35.623864
8154
35.628746
8155
35.633323
8156
35.637646
8157
35.641768
8158
35.645739
8159
35.649610
8160
35.653433
8161
35.657259
8162
35.661139
8163
35.665125
8164
35.669268
8165
35.673619
8166
35.678229
8167
35.683150
8168
35.688433
8169
35.694129
8170
35.700289
8171
35.706966
8172
35.714209
8173
35.722071
8174
35.730602
8175
35.739854
8176
35.749878
8177
35.760725
8178
35.772447
8179
35.785095
8180
35.798721
8181
35.813375
8182
35.829108
8183
35.845973
8184
35.864019
8185
35.883300
8186
35.903865
8187
35.925766
8188
35.949055
8189
35.973783
8190
36.000000
8191
36.027748
8192
36.057023
8193
36.087811
8194
36.120099
8195
36.153873
8196
36.189118
8197
36.225821
8198
36.263968
8199
36.303545
8200
36.344539
8201
36.386934
8202
36.430718
8203
36.475877
8204
36.522396
8205
36.570261
8206
36.619460
8207
36.669977
8208
36.721799
8209
36.774913
8210
36.829304
8211
36.884958
8212
36.941861
8213
37.000000
8214
37.059384
8215
37.120116
8216
37.182322
8217
37.246128
8218
37.311662
8219
37.379048
8220
37.448414
8221
37.519885
8222
37.593588
8223
37.669649
8224
37.748194
8225
37.829350
8226
37.913244
8227
38.000000
8228
38.089611
8229
38.181529
8230
38.275072
8231
38.369557
8232
38.464301
8233
38.558622
8234
38.651838
8235
38.743267
8236
38.832225
8237
38.918030
8238
39.000000
8239
39.077601
8240
39.150891
8241
39.220077
8242
39.285368
8243
39.346970
8244
39.405090
8245
39.459936
8246
39.511714
8247
39.560633
8248
39.606898
8249
39.650718
8250
39.692300
8251
39.731851
8252
39.769578
8253
39.805687
8254
39.840388
8255
39.873886
8256
39.906389
8257
39.938104
8258
39.969239
8259
40.000000
8260
40.030575
8261
40.061073
8262
40.091581
8263
40.122189
8264
40.152985
8265
40.184057
8266
40.215495
8267
40.247387
8268
40.279821
8269
40.312885
8270
40.346670
8271
40.381262
8272
40.416751
8273
40.453225
8274
40.490773
8275
40.529483
8276
40.569445
8277
40.610745
8278
40.653474
8279
40.697719
8280
40.743570
8281
40.791114
8282
40.840441
8283
40.891638
8284
40.944795
8285
41.000000
8286
41.057284
8287
41.116451
8288
41.177246
8289
41.239414
8290
41.302702
8291
41.366854
8292
41.431618
8293
41.496737
8294
41.561959
8295
41.627028
8296
41.691690
8297
41.755691
8298
41.818777
8299
41.880694
8300
41.941186
8301
42.000000
8302
42.056936
8303
42.112011
8304
42.165300
8305
42.216873
8306
42.266804
8307
42.315165
8308
42.362029
8309
42.407469
8310
42.451556
8311
42.494365
8312
42.535966
8313
42.576433
8314
42.615839
8315
42.654256
8316
42.691756
8317
42.728413
8318
42.764298
8319
42.799485
8320
42.834046
8321
42.868053
8322
42.901580
8323
42.934698
8324
42.967480
8325
43.000000
8326
43.032325
8327
43.064504
8328
43.096585
8329
43.128612
8330
43.160632
8331
43.192689
8332
43.224830
8333
43.257100
8334
43.289545
8335
43.322211
8336
43.355144
8337
43.388388
8338
43.421990
8339
43.455995
8340
43.490449
8341
43.525398
8342
43.560887
8343
43.596963
8344
43.633670
8345
43.671054
8346
43.709162
8347
43.748039
8348
43.787730
8349
43.828281
8350
43.869738
8351
43.912146
8352
43.955552
8353
44.000000
8354
44.045509
8355
44.091988
8356
44.139315
8357
44.187372
8358
44.236039
8359
44.285196
8360
44.334724
8361
44.384502
8362
44.434412
8363
44.484333
8364
44.534146
8365
44.583731
8366
44.632969
8367
44.681739
8368
44.729923
8369
44.777400
8370
44.824051
8371
44.869756
8372
44.914396
8373
44.957850
8374
45.000000
8375
45.040780
8376
45.080344
8377
45.118901
8378
45.156660
8379
45.193829
8380
45.230617
8381
45.267233
8382
45.303885
8383
45.340783
8384
45.378135
8385
45.416150
8386
45.455036
8387
45.495003
8388
45.536258
8389
45.579011
8390
45.623471
8391
45.669845
8392
45.718344
8393
45.769175
8394
45.822547
8395
45.878670
8396
45.937751
8397
46.000000
8398
46.065490
8399
46.133755
8400
46.204193
8401
46.276202
8402
46.349182
8403
46.422530
8404
46.495645
8405
46.567926
8406
46.638771
8407
46.707579
8408
46.773747
8409
46.836675
8410
46.895761
8411
46.950403
8412
47.000000
8413
47.044102
8414
47.082868
8415
47.116608
8416
47.145631
8417
47.170249
8418
47.190770
8419
47.207506
8420
47.220767
8421
47.230862
8422
47.238102
8423
47.242796
8424
47.245257
8425
47.245792
8426
47.244713
8427
47.242329
8428
47.238952
8429
47.234890
8430
47.230454
8431
47.225955
8432
47.221702
8433
47.218006
8434
47.215177
8435
47.213524
8436
47.213359
8437
47.214991
8438
47.218730
8439
47.224887
8440
47.233772
8441
47.245695
8442
47.260965
8443
47.279895
8444
47.302792
8445
47.329968
8446
47.361733
8447
47.398397
8448
47.440270
8449
47.487662
8450
47.540884
8451
47.600245
8452
47.666056
8453
47.738626
8454
47.818267
8455
47.905288
8456
48.000000
8457
48.102370
8458
48.210995
8459
48.324132
8460
48.440036
8461
48.556963
8462
48.673167
8463
48.786904
8464
48.896430
8465
49.000000
8466
49.096269
8467
49.185488
8468
49.268309
8469
49.345382
8470
49.417358
8471
49.484889
8472
49.548624
8473
49.609215
8474
49.667314
8475
49.723570
8476
49.778635
8477
49.833159
8478
49.887794
8479
49.943191
8480
50.000000
8481
50.058735
8482
50.119358
8483
50.181697
8484
50.245575
8485
50.310819
8486
50.377254
8487
50.444706
8488
50.513001
8489
50.581963
8490
50.651419
8491
50.721195
8492
50.791115
8493
50.861006
8494
50.930692
8495
51.000000
8496
51.068792
8497
51.137078
8498
51.204904
8499
51.272318
8500
51.339366
8501
51.406095
8502
51.472551
8503
51.538781
8504
51.604833
8505
51.670752
8506
51.736586
8507
51.802381
8508
51.868184
8509
51.934041
8510
52.000000
8511
52.066097
8512
52.132330
8513
52.198686
8514
52.265152
8515
52.331717
8516
52.398367
8517
52.465090
8518
52.531874
8519
52.598705
8520
52.665572
8521
52.732462
8522
52.799362
8523
52.866260
8524
52.933144
8525
53.000000
8526
53.066819
8527
53.133602
8528
53.200352
8529
53.267072
8530
53.333766
8531
53.400438
8532
53.467089
8533
53.533724
8534
53.600347
8535
53.666960
8536
53.733567
8537
53.800171
8538
53.866776
8539
53.933384
8540
54.000000
8541
54.066626
8542
54.133261
8543
54.199906
8544
54.266558
8545
54.333217
8546
54.399883
8547
54.466553
8548
54.533229
8549
54.599907
8550
54.666588
8551
54.733271
8552
54.799954
8553
54.866637
8554
54.933320
8555
55.000000
8556
55.066678
8557
55.133353
8558
55.200025
8559
55.266696
8560
55.333364
8561
55.400031
8562
55.466697
8563
55.533361
8564
55.600025
8565
55.666688
8566
55.733350
8567
55.800012
8568
55.866674
8569
55.933337
8570
56.000000
8571
56.066664
8572
56.133328
8573
56.199993
8574
56.266659
8575
56.333325
8576
56.399992
8577
56.466659
8578
56.533326
8579
56.599993
8580
56.666661
8581
56.733329
8582
56.799997
8583
56.866665
8584
56.933332
8585
57.000000
8586
57.066667
8587
57.133335
8588
57.200002
8589
57.266669
8590
57.333336
8591
57.400002
8592
57.466669
8593
57.533335
8594
57.600002
8595
57.666668
8596
57.733335
8597
57.800001
8598
57.866667
8599
57.933334
8600
58.000000
8601
58.066666
8602
58.133333
8603
58.200000
8604
58.266666
8605
58.333333
8606
58.399999
8607
58.466666
8608
58.533333
8609
58.600000
8610
58.666666
8611
58.733333
8612
58.800000
8613
58.866667
8614
58.933333
8615
59.000000
8616
59.066667
8617
59.133333
8618
59.200000
8619
59.266667
8620
59.333333
8621
59.400000
8622
59.466667
8623
59.533333
8624
59.600000
8625
59.666667
8626
59.733333
8627
59.800000
8628
59.866667
8629
59.933333
8630
60.000000
8631
60.066667
8632
60.133333
8633
60.200000
8634
60.266667
8635
60.333333
8636
60.400000
8637
60.466667
8638
60.533333
8639
60.600000
8640
60.666667
8641
60.733333
8642
60.800000
8643
60.866667
8644
60.933333
8645
61.000000
8646
61.066667
8647
61.133333
8648
61.200000
8649
61.266667
8650
61.333333
8651
61.400000
8652
61.466667
8653
61.533333
8654
61.600000
8655
61.666667
8656
61.733333
8657
61.800000
8658
61.866667
8659
61.933333
8660
62.000000
8661
62.066667
8662
62.133333
8663
62.200000
8664
62.266667
8665
62.333333
8666
62.400000
8667
62.466667
8668
62.533333
8669
62.600000
8670
62.666667
8671
62.733333
8672
62.800000
8673
62.866667
8674
62.933333
8675
63.000000
8676
63.066667
8677
63.133333
8678
63.200000
8679
63.266667
8680
63.333333
8681
63.400000
8682
63.466667
8683
63.533333
8684
63.600000
8685
63.666667
8686
63.733333
8687
63.800000
8688
63.866667
8689
63.933333
8690
64.000000
8691
64.066667
8692
64.133333
8693
64.200000
8694
64.266667
8695
64.333333
8696
64.400000
8697
64.466667
8698
64.533333
8699
64.600000
8700
64.666667
8701
64.733333
8702
64.800000
8703
64.866667
8704
64.933333
8705
65.000000
8706
65.066667
8707
65.133333
8708
65.200000
8709
65.266667
8710
65.333333
8711
65.400000
8712
65.466667
8713
65.533333
8714
65.600000
8715
65.666667
8716
65.733333
8717
65.800000
8718
65.866667
8719
65.933333
8720
66.000000
8721
66.066667
8722
66.133333
8723
66.200000
8724
66.266667
8725
66.333333
8726
66.400000
8727
66.466667
8728
66.533333
8729
66.600000
8730
66.666667
8731
66.733333
8732
66.800000
8733
66.866667
8734
66.933333
8735
67.000000
8736
67.066667
8737
67.133333
8738
67.200000
8739
67.266667
8740
67.333333
8741
67.400000
8742
67.466667
8743
67.533333
8744
67.600000
8745
67.666667
8746
67.733333
8747
67.800000
8748
67.866667
8749
67.933333
8750
68.000000
8751
68.066667
8752
68.133333
8753
68.200000
8754
68.266667
8755
68.333333
8756
68.400000
8757
68.466667
8758
68.533333
8759
68.600000
8760
68.666667
8761
68.733333
8762
68.800000
8763
68.866667
8764
68.933333
8765
69.000000
8766
69.066667
8767
69.133333
8768
69.200000
8769
69.266667
8770
69.333333
8771
69.400000
8772
69.466667
8773
69.533333
8774
69.600000
8775
69.666667
8776
69.733333
8777
69.800000
8778
69.866667
8779
69.933333
8780
70.000000
8781
70.066667
8782
70.133333
8783
70.200000
8784
70.266667
8785
70.333333
8786
70.400000
8787
70.466667
8788
70.533333
8789
70.600000
8790
70.666667
8791
70.733333
8792
70.800000
8793
70.866667
8794
70.933333
8795
71.000000
8796
71.066667
8797
71.133333
8798
71.200000
8799
71.266667
8800
71.333333
8801
71.400000
8802
71.466667
8803
71.533333
8804
71.600000
8805
71.666667
8806
71.733333
8807
71.800000
8808
71.866667
8809
71.933333
8810
72.000000
8811
72.066667
8812
72.133333
8813
72.200000
8814
72.266667
8815
72.333333
8816
72.400000
8817
72.466667
8818
72.533333
8819
72.600000
8820
72.666667
8821
72.733333
8822
72.800000
8823
72.866667
8824
72.933333
8825
73.000000
8826
73.066667
8827
73.133333
8828
73.200000
8829
73.266667
8830
73.333333
8831
73.400000
8832
73.466667
8833
73.533333
8834
73.600000
8835
73.666667
8836
73.733333
8837
73.800000
8838
73.866667
8839
73.933333
8840
74.000000
8841
74.066667
8842
74.133333
8843
74.200000
8844
74.266667
8845
74.333333
8846
74.400000
8847
74.466667
8848
74.533333
8849
74.600000
8850
74.666667
8851
74.733333
8852
74.800000
8853
74.866667
8854
74.933333
8855
75.000000
8856
75.066667
8857
75.133333
8858
75.200000
8859
75.266667
8860
75.333333
8861
75.400000
8862
75.466667
8863
75.533333
8864
75.600000
8865
75.666667
8866
75.733333
8867
75.800000
8868
75.866667
8869
75.933333
8870
76.000000
8871
76.066667
8872
76.133333
8873
76.200000
8874
76.266667
8875
76.333333
8876
76.400000
8877
76.466667
8878
76.533333
8879
76.600000
8880
76.666667
8881
76.733333
8882
76.800000
8883
76.866667
8884
76.933333
8885
77.000000
8886
77.066667
8887
77.133333
8888
77.200000
8889
77.266667
8890
77.333333
8891
77.400000
8892
77.466667
8893
77.533333
8894
77.600000
8895
77.666667
8896
77.733333
8897
77.800000
8898
77.866667
8899
77.933333
8900
78.000000
8901
78.066667
8902
78.133333
8903
78.200000
8904
78.266667
8905
78.333333
8906
78.400000
8907
78.466667
8908
78.533333
8909
78.600000
8910
78.666667
8911
78.733333
8912
78.800000
8913
78.866667
8914
78.933333
8915
79.000000
8916
79.066667
8917
79.133333
8918
79.200000
8919
79.266667
8920
79.333333
8921
79.400000
8922
79.466667
8923
79.533333
8924
79.600000
8925
79.666667
8926
79.733333
8927
79.800000
8928
79.866667
8929
79.933333
8930
80.000000
